Australia, Death rates (period 5x1)     Last modified: 17-Oct-2014, MPv5 (May07)

   Year      Age       Female       Male         Total
   1990        0     0.007142     0.008811     0.007998 
   1990      1-4     0.000338     0.000455     0.000398 
   1990      5-9     0.000140     0.000228     0.000185 
   1990     10-14    0.000153     0.000201     0.000178 
   1990     15-19    0.000396     0.000906     0.000657 
   1990     20-24    0.000443     0.001359     0.000907 
   1990     25-29    0.000463     0.001387     0.000928 
   1990     30-34    0.000566     0.001378     0.000973 
   1990     35-39    0.000740     0.001481     0.001110 
   1990     40-44    0.001111     0.002097     0.001612 
   1990     45-49    0.001837     0.003129     0.002500 
   1990     50-54    0.003236     0.005294     0.004289 
   1990     55-59    0.004899     0.009366     0.007159 
   1990     60-64    0.008025     0.015860     0.011923 
   1990     65-69    0.013392     0.025899     0.019323 
   1990     70-74    0.022587     0.040587     0.030615 
   1990     75-79    0.038916     0.067010     0.050499 
   1990     80-84    0.066621     0.105689     0.080819 
   1990     85-89    0.117997     0.169224     0.133545 
   1990     90-94    0.192988     0.252333     0.206427 
   1990     95-99    0.302757     0.375941     0.315778 
   1990    100-104   0.445780     0.427259     0.442801 
   1990    105-109   0.443172     0.652303     0.482766 
   1990    110+      2.147971            .     2.147971 
   1991        0     0.006059     0.007752     0.006928 
   1991      1-4     0.000306     0.000374     0.000341 
   1991      5-9     0.000139     0.000210     0.000175 
   1991     10-14    0.000155     0.000208     0.000183 
   1991     15-19    0.000330     0.000856     0.000600 
   1991     20-24    0.000436     0.001211     0.000829 
   1991     25-29    0.000518     0.001204     0.000862 
   1991     30-34    0.000516     0.001338     0.000928 
   1991     35-39    0.000772     0.001584     0.001178 
   1991     40-44    0.001130     0.001977     0.001559 
   1991     45-49    0.001849     0.003080     0.002479 
   1991     50-54    0.003077     0.005168     0.004148 
   1991     55-59    0.004831     0.008764     0.006819 
   1991     60-64    0.007939     0.015280     0.011595 
   1991     65-69    0.012962     0.024778     0.018595 
   1991     70-74    0.021660     0.039016     0.029431 
   1991     75-79    0.037915     0.065661     0.049387 
   1991     80-84    0.064567     0.106252     0.079756 
   1991     85-89    0.112396     0.155594     0.125619 
   1991     90-94    0.191534     0.244724     0.203865 
   1991     95-99    0.289596     0.374409     0.304166 
   1991    100-104   0.389799     0.548335     0.413475 
   1991    105-109   0.675179     0.761035     0.692674 
   1991    110+      4.147465            .     4.147465 
   1992        0     0.005900     0.007935     0.006944 
   1992      1-4     0.000349     0.000425     0.000388 
   1992      5-9     0.000165     0.000180     0.000172 
   1992     10-14    0.000137     0.000209     0.000174 
   1992     15-19    0.000339     0.000793     0.000572 
   1992     20-24    0.000443     0.001209     0.000831 
   1992     25-29    0.000413     0.001260     0.000838 
   1992     30-34    0.000542     0.001326     0.000935 
   1992     35-39    0.000722     0.001460     0.001090 
   1992     40-44    0.001108     0.001984     0.001550 
   1992     45-49    0.001815     0.002957     0.002398 
   1992     50-54    0.003093     0.005070     0.004106 
   1992     55-59    0.004909     0.008605     0.006777 
   1992     60-64    0.007772     0.015146     0.011446 
   1992     65-69    0.012579     0.024847     0.018460 
   1992     70-74    0.021614     0.039721     0.029763 
   1992     75-79    0.037971     0.065608     0.049426 
   1992     80-84    0.066433     0.104440     0.080316 
   1992     85-89    0.116468     0.164336     0.131299 
   1992     90-94    0.191929     0.256973     0.207287 
   1992     95-99    0.312318     0.358153     0.320273 
   1992    100-104   0.411831     0.434543     0.414957 
   1992    105-109   0.530869     0.923645     0.594020 
   1992    110+      0.000000            .     0.000000 
   1993        0     0.005319     0.006747     0.006052 
   1993      1-4     0.000314     0.000459     0.000388 
   1993      5-9     0.000132     0.000173     0.000153 
   1993     10-14    0.000163     0.000202     0.000183 
   1993     15-19    0.000331     0.000793     0.000568 
   1993     20-24    0.000381     0.001146     0.000769 
   1993     25-29    0.000371     0.001194     0.000784 
   1993     30-34    0.000534     0.001346     0.000940 
   1993     35-39    0.000804     0.001515     0.001159 
   1993     40-44    0.001068     0.001892     0.001482 
   1993     45-49    0.001723     0.002884     0.002315 
   1993     50-54    0.002760     0.004773     0.003791 
   1993     55-59    0.004667     0.008285     0.006495 
   1993     60-64    0.007456     0.014051     0.010745 
   1993     65-69    0.012198     0.023644     0.017711 
   1993     70-74    0.020670     0.037716     0.028379 
   1993     75-79    0.036226     0.062637     0.047208 
   1993     80-84    0.063289     0.101635     0.077331 
   1993     85-89    0.110572     0.160773     0.126206 
   1993     90-94    0.184760     0.241008     0.198366 
   1993     95-99    0.289490     0.368762     0.303269 
   1993    100-104   0.406260     0.435237     0.410203 
   1993    105-109   0.775611     0.412277     0.726370 
   1993    110+      4.166667            .     4.166667 
   1994        0     0.005354     0.006580     0.005983 
   1994      1-4     0.000323     0.000380     0.000352 
   1994      5-9     0.000130     0.000177     0.000154 
   1994     10-14    0.000161     0.000227     0.000195 
   1994     15-19    0.000296     0.000799     0.000554 
   1994     20-24    0.000374     0.001163     0.000774 
   1994     25-29    0.000408     0.001231     0.000820 
   1994     30-34    0.000486     0.001335     0.000910 
   1994     35-39    0.000776     0.001600     0.001187 
   1994     40-44    0.001150     0.001954     0.001553 
   1994     45-49    0.001783     0.002890     0.002346 
   1994     50-54    0.002814     0.004676     0.003767 
   1994     55-59    0.004657     0.008046     0.006371 
   1994     60-64    0.007310     0.014044     0.010667 
   1994     65-69    0.012479     0.023880     0.017996 
   1994     70-74    0.020613     0.038696     0.028823 
   1994     75-79    0.036423     0.063827     0.047875 
   1994     80-84    0.065616     0.103897     0.079666 
   1994     85-89    0.115058     0.167309     0.131372 
   1994     90-94    0.197393     0.265240     0.214162 
   1994     95-99    0.316935     0.402582     0.331672 
   1994    100-104   0.433434     0.551096     0.448943 
   1994    105-109   0.920345     0.760938     0.897096 
   1994    110+      0.000000            .     0.000000 
   1995        0     0.005136     0.006242     0.005704 
   1995      1-4     0.000301     0.000398     0.000351 
   1995      5-9     0.000156     0.000176     0.000166 
   1995     10-14    0.000172     0.000198     0.000185 
   1995     15-19    0.000342     0.000753     0.000552 
   1995     20-24    0.000410     0.001271     0.000847 
   1995     25-29    0.000406     0.001256     0.000832 
   1995     30-34    0.000587     0.001444     0.001015 
   1995     35-39    0.000704     0.001627     0.001165 
   1995     40-44    0.001068     0.001937     0.001502 
   1995     45-49    0.001695     0.002727     0.002219 
   1995     50-54    0.002847     0.004437     0.003659 
   1995     55-59    0.004334     0.007542     0.005959 
   1995     60-64    0.007156     0.013273     0.010203 
   1995     65-69    0.011886     0.022632     0.017109 
   1995     70-74    0.019876     0.036789     0.027583 
   1995     75-79    0.035205     0.058593     0.045051 
   1995     80-84    0.062210     0.099328     0.075881 
   1995     85-89    0.111802     0.163188     0.127925 
   1995     90-94    0.190604     0.241828     0.203404 
   1995     95-99    0.305991     0.343681     0.312721 
   1995    100-104   0.465180     0.480182     0.467156 
   1995    105-109   0.616077     0.909996     0.654561 
   1995    110+      0.000000            .     0.000000 
   1996        0     0.005019     0.006365     0.005710 
   1996      1-4     0.000321     0.000376     0.000349 
   1996      5-9     0.000121     0.000168     0.000145 
   1996     10-14    0.000173     0.000215     0.000195 
   1996     15-19    0.000299     0.000837     0.000574 
   1996     20-24    0.000335     0.001238     0.000793 
   1996     25-29    0.000434     0.001222     0.000828 
   1996     30-34    0.000512     0.001438     0.000974 
   1996     35-39    0.000757     0.001554     0.001155 
   1996     40-44    0.001085     0.001935     0.001509 
   1996     45-49    0.001656     0.002728     0.002198 
   1996     50-54    0.002749     0.004422     0.003602 
   1996     55-59    0.004499     0.007320     0.005931 
   1996     60-64    0.007075     0.013057     0.010054 
   1996     65-69    0.011426     0.021778     0.016475 
   1996     70-74    0.019248     0.036257     0.027043 
   1996     75-79    0.034791     0.058460     0.044824 
   1996     80-84    0.061469     0.101222     0.076180 
   1996     85-89    0.111271     0.162692     0.127426 
   1996     90-94    0.196415     0.255412     0.211288 
   1996     95-99    0.313663     0.386752     0.327222 
   1996    100-104   0.408447     0.509316     0.422082 
   1996    105-109   0.667211     0.805009     0.682619 
   1996    110+      1.927660            .     1.927660 
   1997        0     0.005171     0.005906     0.005548 
   1997      1-4     0.000252     0.000391     0.000323 
   1997      5-9     0.000134     0.000144     0.000139 
   1997     10-14    0.000133     0.000196     0.000166 
   1997     15-19    0.000355     0.000873     0.000620 
   1997     20-24    0.000412     0.001216     0.000820 
   1997     25-29    0.000427     0.001288     0.000858 
   1997     30-34    0.000599     0.001321     0.000959 
   1997     35-39    0.000749     0.001427     0.001087 
   1997     40-44    0.001070     0.001936     0.001501 
   1997     45-49    0.001663     0.002596     0.002132 
   1997     50-54    0.002701     0.004304     0.003518 
   1997     55-59    0.004273     0.007002     0.005659 
   1997     60-64    0.006830     0.012582     0.009699 
   1997     65-69    0.011401     0.021021     0.016106 
   1997     70-74    0.019117     0.034767     0.026345 
   1997     75-79    0.032396     0.055959     0.042430 
   1997     80-84    0.061475     0.097366     0.074820 
   1997     85-89    0.112151     0.156738     0.126211 
   1997     90-94    0.194379     0.247347     0.207859 
   1997     95-99    0.317959     0.376143     0.328911 
   1997    100-104   0.455878     0.571375     0.471356 
   1997    105-109   0.769735     0.963785     0.786321 
   1997    110+             .            .            . 
   1998        0     0.004405     0.005659     0.005048 
   1998      1-4     0.000336     0.000380     0.000359 
   1998      5-9     0.000105     0.000149     0.000128 
   1998     10-14    0.000135     0.000184     0.000160 
   1998     15-19    0.000391     0.000765     0.000582 
   1998     20-24    0.000385     0.001309     0.000853 
   1998     25-29    0.000435     0.001392     0.000913 
   1998     30-34    0.000517     0.001489     0.001000 
   1998     35-39    0.000756     0.001544     0.001148 
   1998     40-44    0.001083     0.001898     0.001488 
   1998     45-49    0.001643     0.002520     0.002082 
   1998     50-54    0.002685     0.004009     0.003358 
   1998     55-59    0.003986     0.006850     0.005442 
   1998     60-64    0.006488     0.011758     0.009121 
   1998     65-69    0.010428     0.020008     0.015123 
   1998     70-74    0.018298     0.033686     0.025462 
   1998     75-79    0.031606     0.053798     0.041101 
   1998     80-84    0.059010     0.092983     0.071729 
   1998     85-89    0.104678     0.151913     0.119687 
   1998     90-94    0.183328     0.243358     0.198713 
   1998     95-99    0.308890     0.367888     0.320222 
   1998    100-104   0.456341     0.404732     0.449211 
   1998    105-109   0.710766     0.726686     0.711762 
   1998    110+             .            .            . 
   1999        0     0.005050     0.006363     0.005723 
   1999      1-4     0.000305     0.000320     0.000313 
   1999      5-9     0.000114     0.000148     0.000131 
   1999     10-14    0.000131     0.000165     0.000148 
   1999     15-19    0.000329     0.000803     0.000572 
   1999     20-24    0.000424     0.001266     0.000851 
   1999     25-29    0.000431     0.001386     0.000907 
   1999     30-34    0.000569     0.001410     0.000987 
   1999     35-39    0.000717     0.001440     0.001077 
   1999     40-44    0.001099     0.001836     0.001465 
   1999     45-49    0.001647     0.002514     0.002080 
   1999     50-54    0.002333     0.003917     0.003135 
   1999     55-59    0.003879     0.006631     0.005279 
   1999     60-64    0.006224     0.010857     0.008544 
   1999     65-69    0.010005     0.018928     0.014383 
   1999     70-74    0.017785     0.032664     0.024767 
   1999     75-79    0.030838     0.053285     0.040498 
   1999     80-84    0.057491     0.088827     0.069321 
   1999     85-89    0.105438     0.151102     0.120023 
   1999     90-94    0.183675     0.237417     0.197601 
   1999     95-99    0.294782     0.354144     0.306390 
   1999    100-104   0.400034     0.405678     0.400857 
   1999    105-109   0.566913     0.252030     0.541541 
   1999    110+      0.000000            .     0.000000 
   2000        0     0.004654     0.005532     0.005104 
   2000      1-4     0.000237     0.000297     0.000268 
   2000      5-9     0.000116     0.000150     0.000134 
   2000     10-14    0.000125     0.000182     0.000154 
   2000     15-19    0.000339     0.000762     0.000555 
   2000     20-24    0.000406     0.001089     0.000753 
   2000     25-29    0.000456     0.001296     0.000875 
   2000     30-34    0.000523     0.001317     0.000917 
   2000     35-39    0.000754     0.001492     0.001121 
   2000     40-44    0.001055     0.001901     0.001475 
   2000     45-49    0.001584     0.002505     0.002042 
   2000     50-54    0.002399     0.003861     0.003136 
   2000     55-59    0.003985     0.006302     0.005164 
   2000     60-64    0.005878     0.010416     0.008157 
   2000     65-69    0.009985     0.018017     0.013927 
   2000     70-74    0.017090     0.030703     0.023525 
   2000     75-79    0.029244     0.051587     0.038931 
   2000     80-84    0.055210     0.086197     0.067056 
   2000     85-89    0.104824     0.146994     0.118404 
   2000     90-94    0.185864     0.240552     0.200155 
   2000     95-99    0.296864     0.351315     0.307665 
   2000    100-104   0.518502     0.646818     0.537333 
   2000    105-109   0.800452     1.294272     0.842709 
   2000    110+      2.349206            .     2.349206 
   2001        0     0.004367     0.005867     0.005136 
   2001      1-4     0.000235     0.000277     0.000256 
   2001      5-9     0.000097     0.000146     0.000122 
   2001     10-14    0.000098     0.000158     0.000129 
   2001     15-19    0.000237     0.000693     0.000470 
   2001     20-24    0.000350     0.001016     0.000688 
   2001     25-29    0.000350     0.001067     0.000707 
   2001     30-34    0.000496     0.001205     0.000848 
   2001     35-39    0.000708     0.001384     0.001044 
   2001     40-44    0.001055     0.001720     0.001386 
   2001     45-49    0.001507     0.002507     0.002004 
   2001     50-54    0.002421     0.003692     0.003059 
   2001     55-59    0.003829     0.006329     0.005099 
   2001     60-64    0.005715     0.010406     0.008077 
   2001     65-69    0.009597     0.017104     0.013287 
   2001     70-74    0.016886     0.029344     0.022810 
   2001     75-79    0.028801     0.049352     0.037797 
   2001     80-84    0.054742     0.082628     0.065560 
   2001     85-89    0.100358     0.146660     0.115413 
   2001     90-94    0.179563     0.224914     0.191470 
   2001     95-99    0.288577     0.346808     0.300322 
   2001    100-104   0.432096     0.497009     0.441513 
   2001    105-109   0.598475     0.944516     0.623746 
   2001    110+      1.445545            .     1.445545 
   2002        0     0.004715     0.005312     0.005022 
   2002      1-4     0.000195     0.000316     0.000257 
   2002      5-9     0.000111     0.000137     0.000124 
   2002     10-14    0.000109     0.000163     0.000137 
   2002     15-19    0.000283     0.000623     0.000456 
   2002     20-24    0.000298     0.000908     0.000608 
   2002     25-29    0.000391     0.001085     0.000738 
   2002     30-34    0.000476     0.001167     0.000819 
   2002     35-39    0.000653     0.001316     0.000982 
   2002     40-44    0.000992     0.001711     0.001349 
   2002     45-49    0.001550     0.002619     0.002081 
   2002     50-54    0.002471     0.003647     0.003059 
   2002     55-59    0.003731     0.005877     0.004818 
   2002     60-64    0.006099     0.010020     0.008075 
   2002     65-69    0.009586     0.016656     0.013067 
   2002     70-74    0.016216     0.029041     0.022338 
   2002     75-79    0.028814     0.048895     0.037691 
   2002     80-84    0.055061     0.083111     0.066077 
   2002     85-89    0.103336     0.148704     0.118223 
   2002     90-94    0.184483     0.246574     0.200872 
   2002     95-99    0.295875     0.376001     0.312169 
   2002    100-104   0.472143     0.530710     0.480731 
   2002    105-109   0.711316     0.980704     0.732552 
   2002    110+      2.142857            .     2.142857 
   2003        0     0.004264     0.005378     0.004836 
   2003      1-4     0.000244     0.000287     0.000266 
   2003      5-9     0.000091     0.000132     0.000112 
   2003     10-14    0.000111     0.000120     0.000115 
   2003     15-19    0.000279     0.000614     0.000450 
   2003     20-24    0.000323     0.000906     0.000619 
   2003     25-29    0.000358     0.000988     0.000674 
   2003     30-34    0.000508     0.001073     0.000788 
   2003     35-39    0.000710     0.001286     0.000996 
   2003     40-44    0.001001     0.001783     0.001389 
   2003     45-49    0.001558     0.002572     0.002062 
   2003     50-54    0.002134     0.003475     0.002803 
   2003     55-59    0.003473     0.005858     0.004678 
   2003     60-64    0.005814     0.009687     0.007765 
   2003     65-69    0.009182     0.016252     0.012666 
   2003     70-74    0.015268     0.027693     0.021215 
   2003     75-79    0.028170     0.046468     0.036338 
   2003     80-84    0.052159     0.079483     0.063004 
   2003     85-89    0.100062     0.140201     0.113371 
   2003     90-94    0.180415     0.235183     0.194966 
   2003     95-99    0.299163     0.374306     0.314446 
   2003    100-104   0.460580     0.418522     0.454028 
   2003    105-109   0.647259     0.537112     0.636663 
   2003    110+      2.331606            .     2.331606 
   2004        0     0.004254     0.005189     0.004735 
   2004      1-4     0.000221     0.000292     0.000257 
   2004      5-9     0.000082     0.000131     0.000108 
   2004     10-14    0.000102     0.000143     0.000123 
   2004     15-19    0.000276     0.000514     0.000397 
   2004     20-24    0.000335     0.000837     0.000591 
   2004     25-29    0.000371     0.000965     0.000669 
   2004     30-34    0.000427     0.001132     0.000776 
   2004     35-39    0.000648     0.001220     0.000932 
   2004     40-44    0.000956     0.001679     0.001315 
   2004     45-49    0.001538     0.002422     0.001976 
   2004     50-54    0.002144     0.003651     0.002895 
   2004     55-59    0.003425     0.005576     0.004508 
   2004     60-64    0.005499     0.009422     0.007473 
   2004     65-69    0.009113     0.015402     0.012215 
   2004     70-74    0.014847     0.026630     0.020497 
   2004     75-79    0.027667     0.045676     0.035780 
   2004     80-84    0.051951     0.078151     0.062456 
   2004     85-89    0.096182     0.137471     0.110042 
   2004     90-94    0.173830     0.228344     0.188472 
   2004     95-99    0.292435     0.339504     0.302195 
   2004    100-104   0.424140     0.508548     0.437767 
   2004    105-109   0.578751     0.812072     0.603777 
   2004    110+      2.074766            .     2.074766 
   2005        0     0.004706     0.005426     0.005076 
   2005      1-4     0.000213     0.000261     0.000238 
   2005      5-9     0.000088     0.000131     0.000110 
   2005     10-14    0.000083     0.000117     0.000100 
   2005     15-19    0.000221     0.000486     0.000357 
   2005     20-24    0.000288     0.000835     0.000566 
   2005     25-29    0.000328     0.000934     0.000633 
   2005     30-34    0.000422     0.001087     0.000753 
   2005     35-39    0.000619     0.001196     0.000906 
   2005     40-44    0.000970     0.001745     0.001354 
   2005     45-49    0.001456     0.002472     0.001959 
   2005     50-54    0.002186     0.003532     0.002855 
   2005     55-59    0.003243     0.005535     0.004393 
   2005     60-64    0.005411     0.008929     0.007177 
   2005     65-69    0.008516     0.015112     0.011773 
   2005     70-74    0.014392     0.024622     0.019304 
   2005     75-79    0.025794     0.043116     0.033663 
   2005     80-84    0.049959     0.074545     0.059913 
   2005     85-89    0.095246     0.127124     0.106181 
   2005     90-94    0.169905     0.220229     0.183585 
   2005     95-99    0.274394     0.340980     0.288266 
   2005    100-104   0.424592     0.437693     0.426707 
   2005    105-109   0.599337     0.604988     0.599979 
   2005    110+      1.638095            .     1.638095 
   2006        0     0.004218     0.005353     0.004801 
   2006      1-4     0.000205     0.000219     0.000212 
   2006      5-9     0.000096     0.000109     0.000103 
   2006     10-14    0.000079     0.000134     0.000107 
   2006     15-19    0.000272     0.000518     0.000398 
   2006     20-24    0.000315     0.000815     0.000569 
   2006     25-29    0.000326     0.000791     0.000560 
   2006     30-34    0.000400     0.001026     0.000712 
   2006     35-39    0.000629     0.001187     0.000906 
   2006     40-44    0.000944     0.001653     0.001296 
   2006     45-49    0.001503     0.002393     0.001944 
   2006     50-54    0.002163     0.003497     0.002826 
   2006     55-59    0.003315     0.005418     0.004367 
   2006     60-64    0.005151     0.008686     0.006924 
   2006     65-69    0.008139     0.014388     0.011230 
   2006     70-74    0.014160     0.023864     0.018827 
   2006     75-79    0.025770     0.042176     0.033268 
   2006     80-84    0.049417     0.074772     0.059802 
   2006     85-89    0.093243     0.127448     0.105241 
   2006     90-94    0.171977     0.221200     0.185532 
   2006     95-99    0.281404     0.349240     0.295538 
   2006    100-104   0.443675     0.526661     0.457005 
   2006    105-109   0.629163     0.829684     0.652978 
   2006    110+      1.621978            .     1.621978 
   2007        0     0.003969     0.004652     0.004319 
   2007      1-4     0.000167     0.000264     0.000217 
   2007      5-9     0.000096     0.000098     0.000097 
   2007     10-14    0.000103     0.000117     0.000110 
   2007     15-19    0.000246     0.000505     0.000379 
   2007     20-24    0.000288     0.000764     0.000531 
   2007     25-29    0.000349     0.000881     0.000618 
   2007     30-34    0.000473     0.001007     0.000739 
   2007     35-39    0.000640     0.001300     0.000967 
   2007     40-44    0.000952     0.001575     0.001262 
   2007     45-49    0.001474     0.002460     0.001962 
   2007     50-54    0.002216     0.003639     0.002922 
   2007     55-59    0.003205     0.005553     0.004376 
   2007     60-64    0.005420     0.008846     0.007137 
   2007     65-69    0.008375     0.014585     0.011454 
   2007     70-74    0.014153     0.023202     0.018513 
   2007     75-79    0.025797     0.042768     0.033582 
   2007     80-84    0.048776     0.074194     0.059307 
   2007     85-89    0.094648     0.128005     0.106544 
   2007     90-94    0.175231     0.215622     0.186578 
   2007     95-99    0.291803     0.359155     0.305986 
   2007    100-104   0.447208     0.520028     0.458704 
   2007    105-109   0.635386     0.823929     0.656831 
   2007    110+      1.595238            .     1.595238 
   2008        0     0.003769     0.004714     0.004254 
   2008      1-4     0.000162     0.000239     0.000201 
   2008      5-9     0.000086     0.000105     0.000096 
   2008     10-14    0.000073     0.000117     0.000095 
   2008     15-19    0.000236     0.000489     0.000366 
   2008     20-24    0.000254     0.000704     0.000485 
   2008     25-29    0.000322     0.000833     0.000581 
   2008     30-34    0.000440     0.000999     0.000719 
   2008     35-39    0.000621     0.001209     0.000913 
   2008     40-44    0.000891     0.001646     0.001266 
   2008     45-49    0.001429     0.002388     0.001905 
   2008     50-54    0.002113     0.003595     0.002848 
   2008     55-59    0.003233     0.005222     0.004223 
   2008     60-64    0.005063     0.008298     0.006683 
   2008     65-69    0.008084     0.013830     0.010938 
   2008     70-74    0.013828     0.023006     0.018261 
   2008     75-79    0.025341     0.041366     0.032712 
   2008     80-84    0.049273     0.073703     0.059496 
   2008     85-89    0.094313     0.129576     0.107034 
   2008     90-94    0.179829     0.222368     0.192055 
   2008     95-99    0.297659     0.356628     0.310274 
   2008    100-104   0.467338     0.568545     0.483174 
   2008    105-109   0.676576     0.988133     0.709408 
   2008    110+      1.776876            .     1.776876 
   2009        0     0.003518     0.004736     0.004144 
   2009      1-4     0.000188     0.000214     0.000201 
   2009      5-9     0.000087     0.000113     0.000100 
   2009     10-14    0.000107     0.000115     0.000111 
   2009     15-19    0.000219     0.000485     0.000355 
   2009     20-24    0.000256     0.000662     0.000465 
   2009     25-29    0.000358     0.000814     0.000590 
   2009     30-34    0.000390     0.000993     0.000691 
   2009     35-39    0.000637     0.001242     0.000937 
   2009     40-44    0.000917     0.001708     0.001310 
   2009     45-49    0.001545     0.002346     0.001942 
   2009     50-54    0.002276     0.003537     0.002902 
   2009     55-59    0.003203     0.005252     0.004221 
   2009     60-64    0.004886     0.008263     0.006576 
   2009     65-69    0.007883     0.013377     0.010613 
   2009     70-74    0.013364     0.022583     0.017836 
   2009     75-79    0.023621     0.039109     0.030761 
   2009     80-84    0.046545     0.069927     0.056420 
   2009     85-89    0.090721     0.123675     0.102714 
   2009     90-94    0.169872     0.210310     0.181781 
   2009     95-99    0.279215     0.337684     0.291977 
   2009    100-104   0.407270     0.468717     0.416910 
   2009    105-109   0.566220     0.763975     0.585442 
   2009    110+      1.488000            .     1.488000 
   2010        0     0.003439     0.004795     0.004135 
   2010      1-4     0.000171     0.000206     0.000189 
   2010      5-9     0.000083     0.000126     0.000105 
   2010     10-14    0.000080     0.000122     0.000102 
   2010     15-19    0.000214     0.000477     0.000349 
   2010     20-24    0.000277     0.000604     0.000445 
   2010     25-29    0.000307     0.000702     0.000507 
   2010     30-34    0.000384     0.000914     0.000649 
   2010     35-39    0.000622     0.001191     0.000905 
   2010     40-44    0.000909     0.001506     0.001205 
   2010     45-49    0.001404     0.002360     0.001878 
   2010     50-54    0.002104     0.003447     0.002770 
   2010     55-59    0.003122     0.005158     0.004132 
   2010     60-64    0.004749     0.007850     0.006299 
   2010     65-69    0.007493     0.012996     0.010228 
   2010     70-74    0.013474     0.021588     0.017433 
   2010     75-79    0.023024     0.037068     0.029510 
   2010     80-84    0.045843     0.068651     0.055563 
   2010     85-89    0.089847     0.121360     0.101422 
   2010     90-94    0.169032     0.209211     0.181204 
   2010     95-99    0.279668     0.329902     0.290930 
   2010    100-104   0.425045     0.479356     0.433688 
   2010    105-109   0.621003     0.829839     0.641062 
   2010    110+      1.613115            .     1.613115 
   2011        0     0.003418     0.004187     0.003813 
   2011      1-4     0.000172     0.000182     0.000177 
   2011      5-9     0.000095     0.000105     0.000100 
   2011     10-14    0.000087     0.000100     0.000094 
   2011     15-19    0.000234     0.000416     0.000328 
   2011     20-24    0.000274     0.000633     0.000458 
   2011     25-29    0.000285     0.000732     0.000512 
   2011     30-34    0.000423     0.000923     0.000673 
   2011     35-39    0.000631     0.001129     0.000878 
   2011     40-44    0.000926     0.001516     0.001219 
   2011     45-49    0.001423     0.002274     0.001845 
   2011     50-54    0.002155     0.003371     0.002757 
   2011     55-59    0.003065     0.005281     0.004163 
   2011     60-64    0.004717     0.008185     0.006446 
   2011     65-69    0.007365     0.012570     0.009951 
   2011     70-74    0.013245     0.021145     0.017119 
   2011     75-79    0.022333     0.037607     0.029412 
   2011     80-84    0.044673     0.067821     0.054612 
   2011     85-89    0.090298     0.121915     0.102060 
   2011     90-94    0.168519     0.204927     0.179864 
   2011     95-99    0.282923     0.338541     0.295663 
   2011    100-104   0.422418     0.450428     0.426976 
   2011    105-109   0.612193     0.746432     0.625553 
   2011    110+      1.772496            .     1.772496 
