France, Total Population, Death rates (period 5x1)     Last modified: 02-May-2016, MPv5 (May07)

   Year      Age       Female       Male         Total
   1990        0     0.006321     0.008539     0.007457 
   1990      1-4     0.000313     0.000449     0.000383 
   1990      5-9     0.000162     0.000208     0.000185 
   1990     10-14    0.000163     0.000230     0.000197 
   1990     15-19    0.000349     0.000891     0.000626 
   1990     20-24    0.000437     0.001533     0.000990 
   1990     25-29    0.000544     0.001641     0.001092 
   1990     30-34    0.000699     0.001880     0.001287 
   1990     35-39    0.000992     0.002439     0.001717 
   1990     40-44    0.001422     0.003422     0.002435 
   1990     45-49    0.002093     0.005003     0.003567 
   1990     50-54    0.003160     0.007839     0.005488 
   1990     55-59    0.004601     0.012018     0.008204 
   1990     60-64    0.006560     0.017816     0.011852 
   1990     65-69    0.010034     0.025086     0.016772 
   1990     70-74    0.016808     0.037062     0.025423 
   1990     75-79    0.033191     0.062115     0.044367 
   1990     80-84    0.063732     0.104053     0.077307 
   1990     85-89    0.118993     0.170963     0.133561 
   1990     90-94    0.208189     0.266018     0.220795 
   1990     95-99    0.319956     0.395698     0.331424 
   1990    100-104   0.476237     0.549664     0.485592 
   1990    105-109   0.522822     0.442623     0.513812 
   1990    110+      0.300000     0.428571     0.319149 
   1991        0     0.006227     0.008449     0.007367 
   1991      1-4     0.000355     0.000425     0.000391 
   1991      5-9     0.000168     0.000219     0.000194 
   1991     10-14    0.000161     0.000249     0.000206 
   1991     15-19    0.000347     0.000860     0.000609 
   1991     20-24    0.000461     0.001533     0.001001 
   1991     25-29    0.000581     0.001708     0.001144 
   1991     30-34    0.000712     0.001976     0.001342 
   1991     35-39    0.000949     0.002487     0.001717 
   1991     40-44    0.001447     0.003536     0.002503 
   1991     45-49    0.002133     0.005042     0.003606 
   1991     50-54    0.003058     0.007530     0.005289 
   1991     55-59    0.004444     0.011595     0.007926 
   1991     60-64    0.006525     0.017664     0.011776 
   1991     65-69    0.010069     0.024962     0.016744 
   1991     70-74    0.016275     0.036264     0.024819 
   1991     75-79    0.032247     0.061205     0.043431 
   1991     80-84    0.061722     0.101063     0.075030 
   1991     85-89    0.116007     0.165779     0.130053 
   1991     90-94    0.199564     0.258747     0.212646 
   1991     95-99    0.314002     0.379684     0.323942 
   1991    100-104   0.431232     0.508834     0.440826 
   1991    105-109   0.576699     0.322148     0.544529 
   1991    110+      0.493151     0.750000     0.518519 
   1992        0     0.005729     0.007955     0.006870 
   1992      1-4     0.000281     0.000400     0.000342 
   1992      5-9     0.000165     0.000192     0.000179 
   1992     10-14    0.000151     0.000227     0.000190 
   1992     15-19    0.000332     0.000834     0.000588 
   1992     20-24    0.000438     0.001449     0.000947 
   1992     25-29    0.000575     0.001666     0.001120 
   1992     30-34    0.000751     0.002012     0.001380 
   1992     35-39    0.001037     0.002517     0.001775 
   1992     40-44    0.001389     0.003521     0.002463 
   1992     45-49    0.002108     0.005000     0.003570 
   1992     50-54    0.003020     0.007418     0.005220 
   1992     55-59    0.004347     0.011290     0.007735 
   1992     60-64    0.006342     0.017190     0.011465 
   1992     65-69    0.009815     0.024642     0.016478 
   1992     70-74    0.016020     0.036088     0.024601 
   1992     75-79    0.031668     0.060438     0.042785 
   1992     80-84    0.059295     0.098025     0.072474 
   1992     85-89    0.112361     0.160631     0.126073 
   1992     90-94    0.193895     0.254436     0.207403 
   1992     95-99    0.303647     0.373058     0.314519 
   1992    100-104   0.443275     0.589719     0.460162 
   1992    105-109   0.609375     0.503226     0.596787 
   1992    110+      0.190476     0.857143     0.257143 
   1993        0     0.005369     0.007463     0.006442 
   1993      1-4     0.000285     0.000386     0.000337 
   1993      5-9     0.000154     0.000195     0.000175 
   1993     10-14    0.000148     0.000227     0.000188 
   1993     15-19    0.000365     0.000808     0.000591 
   1993     20-24    0.000441     0.001439     0.000943 
   1993     25-29    0.000575     0.001632     0.001104 
   1993     30-34    0.000738     0.002022     0.001378 
   1993     35-39    0.000982     0.002564     0.001769 
   1993     40-44    0.001480     0.003529     0.002508 
   1993     45-49    0.002111     0.004976     0.003557 
   1993     50-54    0.002989     0.007215     0.005107 
   1993     55-59    0.004408     0.011158     0.007708 
   1993     60-64    0.006425     0.017035     0.011444 
   1993     65-69    0.009888     0.024395     0.016428 
   1993     70-74    0.015823     0.035932     0.024418 
   1993     75-79    0.031595     0.059606     0.042461 
   1993     80-84    0.059216     0.099173     0.072904 
   1993     85-89    0.114179     0.163724     0.128336 
   1993     90-94    0.196081     0.259883     0.210428 
   1993     95-99    0.307418     0.381070     0.319217 
   1993    100-104   0.455201     0.606403     0.471845 
   1993    105-109   0.640394     0.461538     0.621602 
   1993    110+      0.553846     0.000000     0.507042 
   1994        0     0.005122     0.006838     0.006000 
   1994      1-4     0.000252     0.000329     0.000292 
   1994      5-9     0.000144     0.000186     0.000166 
   1994     10-14    0.000157     0.000248     0.000204 
   1994     15-19    0.000296     0.000765     0.000536 
   1994     20-24    0.000424     0.001390     0.000910 
   1994     25-29    0.000537     0.001612     0.001074 
   1994     30-34    0.000735     0.001979     0.001355 
   1994     35-39    0.001021     0.002525     0.001768 
   1994     40-44    0.001417     0.003472     0.002445 
   1994     45-49    0.002094     0.005028     0.003573 
   1994     50-54    0.002992     0.007238     0.005123 
   1994     55-59    0.004213     0.010726     0.007403 
   1994     60-64    0.006163     0.016351     0.010991 
   1994     65-69    0.009669     0.023883     0.016102 
   1994     70-74    0.015950     0.035403     0.024254 
   1994     75-79    0.029013     0.055800     0.039509 
   1994     80-84    0.055674     0.094061     0.068882 
   1994     85-89    0.106213     0.157287     0.120881 
   1994     90-94    0.187059     0.249423     0.201180 
   1994     95-99    0.295057     0.364818     0.306330 
   1994    100-104   0.439658     0.477175     0.443794 
   1994    105-109   0.620214     0.545455     0.612836 
   1994    110+      0.774194     0.375000     0.692308 
   1995        0     0.004460     0.005528     0.005006 
   1995      1-4     0.000279     0.000325     0.000302 
   1995      5-9     0.000132     0.000182     0.000157 
   1995     10-14    0.000156     0.000214     0.000185 
   1995     15-19    0.000319     0.000722     0.000525 
   1995     20-24    0.000437     0.001302     0.000872 
   1995     25-29    0.000543     0.001545     0.001043 
   1995     30-34    0.000744     0.001954     0.001347 
   1995     35-39    0.001013     0.002466     0.001735 
   1995     40-44    0.001483     0.003489     0.002483 
   1995     45-49    0.002097     0.004959     0.003537 
   1995     50-54    0.002895     0.007023     0.004968 
   1995     55-59    0.004079     0.010475     0.007219 
   1995     60-64    0.006168     0.016254     0.010956 
   1995     65-69    0.009658     0.024136     0.016234 
   1995     70-74    0.015939     0.035458     0.024268 
   1995     75-79    0.027714     0.054540     0.038380 
   1995     80-84    0.056838     0.095968     0.070328 
   1995     85-89    0.108196     0.158470     0.122703 
   1995     90-94    0.189504     0.254926     0.204409 
   1995     95-99    0.307007     0.385225     0.319888 
   1995    100-104   0.457003     0.491897     0.460826 
   1995    105-109   0.604972     0.523490     0.597370 
   1995    110+      0.375000     0.193548     0.303797 
   1996        0     0.004215     0.005484     0.004866 
   1996      1-4     0.000236     0.000321     0.000280 
   1996      5-9     0.000129     0.000168     0.000149 
   1996     10-14    0.000129     0.000227     0.000179 
   1996     15-19    0.000286     0.000726     0.000511 
   1996     20-24    0.000419     0.001198     0.000811 
   1996     25-29    0.000496     0.001376     0.000935 
   1996     30-34    0.000714     0.001728     0.001219 
   1996     35-39    0.001012     0.002299     0.001650 
   1996     40-44    0.001435     0.003389     0.002405 
   1996     45-49    0.002073     0.004834     0.003458 
   1996     50-54    0.002944     0.007027     0.004993 
   1996     55-59    0.004137     0.010355     0.007197 
   1996     60-64    0.006068     0.015933     0.010763 
   1996     65-69    0.009429     0.024004     0.016064 
   1996     70-74    0.015919     0.035544     0.024308 
   1996     75-79    0.027105     0.053696     0.037753 
   1996     80-84    0.057035     0.097052     0.070824 
   1996     85-89    0.106966     0.158616     0.121934 
   1996     90-94    0.192495     0.256569     0.207177 
   1996     95-99    0.305645     0.387680     0.319245 
   1996    100-104   0.449024     0.570839     0.462273 
   1996    105-109   0.596154     0.828947     0.616822 
   1996    110+      0.266667     0.620690     0.405405 
   1997        0     0.004177     0.005368     0.004788 
   1997      1-4     0.000258     0.000303     0.000281 
   1997      5-9     0.000113     0.000169     0.000142 
   1997     10-14    0.000140     0.000202     0.000172 
   1997     15-19    0.000302     0.000716     0.000513 
   1997     20-24    0.000368     0.001174     0.000775 
   1997     25-29    0.000415     0.001248     0.000831 
   1997     30-34    0.000620     0.001484     0.001050 
   1997     35-39    0.000912     0.002091     0.001497 
   1997     40-44    0.001388     0.003184     0.002278 
   1997     45-49    0.002068     0.004787     0.003428 
   1997     50-54    0.002981     0.006777     0.004883 
   1997     55-59    0.004006     0.010042     0.006985 
   1997     60-64    0.005839     0.015324     0.010364 
   1997     65-69    0.009352     0.023067     0.015609 
   1997     70-74    0.015237     0.035027     0.023720 
   1997     75-79    0.026942     0.052775     0.037302 
   1997     80-84    0.056548     0.095399     0.069941 
   1997     85-89    0.105135     0.154595     0.119562 
   1997     90-94    0.188390     0.255126     0.203727 
   1997     95-99    0.304141     0.380886     0.316905 
   1997    100-104   0.436353     0.525084     0.446280 
   1997    105-109   0.630034     0.714286     0.636118 
   1997    110+      0.428571     0.666667     0.486486 
   1998        0     0.004247     0.005190     0.004730 
   1998      1-4     0.000198     0.000282     0.000241 
   1998      5-9     0.000124     0.000151     0.000138 
   1998     10-14    0.000136     0.000175     0.000156 
   1998     15-19    0.000273     0.000681     0.000482 
   1998     20-24    0.000402     0.001142     0.000775 
   1998     25-29    0.000433     0.001187     0.000810 
   1998     30-34    0.000580     0.001400     0.000988 
   1998     35-39    0.000913     0.001997     0.001450 
   1998     40-44    0.001373     0.003116     0.002235 
   1998     45-49    0.002004     0.004803     0.003399 
   1998     50-54    0.002889     0.006752     0.004823 
   1998     55-59    0.004045     0.009707     0.006846 
   1998     60-64    0.005814     0.014981     0.010197 
   1998     65-69    0.009062     0.022520     0.015215 
   1998     70-74    0.015257     0.034656     0.023598 
   1998     75-79    0.026824     0.053051     0.037339 
   1998     80-84    0.056286     0.095736     0.069947 
   1998     85-89    0.104134     0.155947     0.119379 
   1998     90-94    0.187585     0.250173     0.202040 
   1998     95-99    0.305158     0.367991     0.315719 
   1998    100-104   0.446657     0.510698     0.453929 
   1998    105-109   0.655555     0.857143     0.671421 
   1998    110+      0.724138     0.600000     0.705882 
   1999        0     0.003891     0.004963     0.004440 
   1999      1-4     0.000217     0.000275     0.000247 
   1999      5-9     0.000124     0.000142     0.000133 
   1999     10-14    0.000128     0.000177     0.000153 
   1999     15-19    0.000280     0.000721     0.000505 
   1999     20-24    0.000382     0.001136     0.000762 
   1999     25-29    0.000417     0.001150     0.000784 
   1999     30-34    0.000565     0.001320     0.000941 
   1999     35-39    0.000886     0.001856     0.001367 
   1999     40-44    0.001412     0.003112     0.002251 
   1999     45-49    0.002057     0.004738     0.003388 
   1999     50-54    0.002869     0.006742     0.004805 
   1999     55-59    0.003919     0.009561     0.006716 
   1999     60-64    0.005712     0.014317     0.009835 
   1999     65-69    0.008794     0.022237     0.014952 
   1999     70-74    0.014820     0.034105     0.023140 
   1999     75-79    0.027661     0.053776     0.038107 
   1999     80-84    0.054090     0.090046     0.066687 
   1999     85-89    0.104372     0.154520     0.119211 
   1999     90-94    0.188806     0.253036     0.203704 
   1999     95-99    0.304210     0.382322     0.317494 
   1999    100-104   0.456881     0.564656     0.469373 
   1999    105-109   0.562089     0.710059     0.574113 
   1999    110+      1.071429     0.000000     0.967742 
   2000        0     0.003936     0.005232     0.004600 
   2000      1-4     0.000228     0.000271     0.000250 
   2000      5-9     0.000110     0.000143     0.000127 
   2000     10-14    0.000128     0.000189     0.000159 
   2000     15-19    0.000291     0.000672     0.000485 
   2000     20-24    0.000340     0.001044     0.000694 
   2000     25-29    0.000343     0.001121     0.000732 
   2000     30-34    0.000564     0.001280     0.000920 
   2000     35-39    0.000874     0.001827     0.001346 
   2000     40-44    0.001357     0.003037     0.002186 
   2000     45-49    0.002102     0.004701     0.003388 
   2000     50-54    0.002793     0.006674     0.004728 
   2000     55-59    0.003862     0.009366     0.006591 
   2000     60-64    0.005540     0.013894     0.009552 
   2000     65-69    0.008601     0.021536     0.014537 
   2000     70-74    0.014418     0.032834     0.022388 
   2000     75-79    0.026257     0.051790     0.036448 
   2000     80-84    0.049302     0.085390     0.062202 
   2000     85-89    0.103370     0.151910     0.117761 
   2000     90-94    0.183397     0.247198     0.198263 
   2000     95-99    0.300324     0.376128     0.313318 
   2000    100-104   0.434816     0.550874     0.448382 
   2000    105-109   0.602526     0.780793     0.614570 
   2000    110+      0.818182     0.000000     0.679245 
   2001        0     0.004016     0.005069     0.004555 
   2001      1-4     0.000237     0.000289     0.000264 
   2001      5-9     0.000094     0.000139     0.000117 
   2001     10-14    0.000127     0.000185     0.000157 
   2001     15-19    0.000295     0.000719     0.000511 
   2001     20-24    0.000346     0.001044     0.000697 
   2001     25-29    0.000382     0.001108     0.000744 
   2001     30-34    0.000512     0.001266     0.000888 
   2001     35-39    0.000874     0.001857     0.001361 
   2001     40-44    0.001368     0.002948     0.002147 
   2001     45-49    0.002086     0.004787     0.003418 
   2001     50-54    0.002767     0.006663     0.004704 
   2001     55-59    0.003939     0.009310     0.006599 
   2001     60-64    0.005487     0.013504     0.009348 
   2001     65-69    0.008385     0.020626     0.014017 
   2001     70-74    0.014206     0.031895     0.021882 
   2001     75-79    0.025563     0.050454     0.035508 
   2001     80-84    0.048093     0.083661     0.060956 
   2001     85-89    0.101430     0.150714     0.116038 
   2001     90-94    0.181104     0.242698     0.195559 
   2001     95-99    0.298831     0.372236     0.311459 
   2001    100-104   0.439420     0.531601     0.450264 
   2001    105-109   0.644138     0.556167     0.637952 
   2001    110+      0.727273     0.750000     0.731707 
   2002        0     0.003723     0.004588     0.004165 
   2002      1-4     0.000206     0.000266     0.000237 
   2002      5-9     0.000110     0.000140     0.000126 
   2002     10-14    0.000120     0.000155     0.000138 
   2002     15-19    0.000262     0.000618     0.000443 
   2002     20-24    0.000337     0.001029     0.000684 
   2002     25-29    0.000373     0.001098     0.000735 
   2002     30-34    0.000479     0.001230     0.000853 
   2002     35-39    0.000812     0.001767     0.001286 
   2002     40-44    0.001395     0.002839     0.002107 
   2002     45-49    0.002097     0.004646     0.003350 
   2002     50-54    0.002842     0.006724     0.004766 
   2002     55-59    0.003881     0.009339     0.006580 
   2002     60-64    0.005353     0.013180     0.009133 
   2002     65-69    0.008338     0.020091     0.013761 
   2002     70-74    0.013806     0.031231     0.021386 
   2002     75-79    0.025477     0.049538     0.035115 
   2002     80-84    0.048487     0.082110     0.060701 
   2002     85-89    0.103426     0.151352     0.117655 
   2002     90-94    0.181643     0.243314     0.196259 
   2002     95-99    0.297186     0.370909     0.309962 
   2002    100-104   0.450247     0.513397     0.457719 
   2002    105-109   0.555280     0.710791     0.566640 
   2002    110+      1.060071     0.000000     0.837989 
   2003        0     0.003584     0.004619     0.004114 
   2003      1-4     0.000220     0.000265     0.000243 
   2003      5-9     0.000100     0.000120     0.000110 
   2003     10-14    0.000100     0.000174     0.000138 
   2003     15-19    0.000222     0.000565     0.000397 
   2003     20-24    0.000296     0.000964     0.000631 
   2003     25-29    0.000348     0.000962     0.000654 
   2003     30-34    0.000495     0.001211     0.000852 
   2003     35-39    0.000809     0.001739     0.001270 
   2003     40-44    0.001325     0.002711     0.002008 
   2003     45-49    0.002068     0.004596     0.003309 
   2003     50-54    0.002926     0.006749     0.004813 
   2003     55-59    0.003849     0.009362     0.006571 
   2003     60-64    0.005408     0.013110     0.009138 
   2003     65-69    0.008297     0.019585     0.013520 
   2003     70-74    0.013963     0.030613     0.021227 
   2003     75-79    0.025637     0.050038     0.035441 
   2003     80-84    0.050587     0.084517     0.062944 
   2003     85-89    0.106549     0.153424     0.120574 
   2003     90-94    0.191129     0.249496     0.205152 
   2003     95-99    0.319138     0.394273     0.332341 
   2003    100-104   0.475940     0.536945     0.483344 
   2003    105-109   0.688319     0.700083     0.689179 
   2003    110+      0.984067     2.000000     1.109285 
   2004        0     0.003589     0.004420     0.004014 
   2004      1-4     0.000170     0.000250     0.000211 
   2004      5-9     0.000085     0.000102     0.000094 
   2004     10-14    0.000099     0.000140     0.000120 
   2004     15-19    0.000224     0.000535     0.000382 
   2004     20-24    0.000284     0.000900     0.000593 
   2004     25-29    0.000318     0.000898     0.000607 
   2004     30-34    0.000465     0.001103     0.000783 
   2004     35-39    0.000773     0.001599     0.001183 
   2004     40-44    0.001287     0.002573     0.001921 
   2004     45-49    0.001957     0.004274     0.003093 
   2004     50-54    0.002843     0.006391     0.004588 
   2004     55-59    0.003733     0.008735     0.006199 
   2004     60-64    0.005271     0.012355     0.008710 
   2004     65-69    0.007595     0.018029     0.012435 
   2004     70-74    0.012757     0.028471     0.019631 
   2004     75-79    0.022711     0.046346     0.032244 
   2004     80-84    0.045951     0.079224     0.058087 
   2004     85-89    0.088580     0.134422     0.102535 
   2004     90-94    0.163392     0.222867     0.177831 
   2004     95-99    0.274466     0.347318     0.287363 
   2004    100-104   0.401048     0.508828     0.414182 
   2004    105-109   0.605803     0.655022     0.609504 
   2004    110+      0.702083            .     0.702083 
   2005        0     0.003254     0.004129     0.003701 
   2005      1-4     0.000182     0.000215     0.000199 
   2005      5-9     0.000084     0.000112     0.000098 
   2005     10-14    0.000089     0.000128     0.000109 
   2005     15-19    0.000213     0.000531     0.000375 
   2005     20-24    0.000286     0.000888     0.000588 
   2005     25-29    0.000312     0.000891     0.000600 
   2005     30-34    0.000455     0.001117     0.000784 
   2005     35-39    0.000748     0.001518     0.001130 
   2005     40-44    0.001200     0.002436     0.001809 
   2005     45-49    0.001972     0.004272     0.003099 
   2005     50-54    0.002778     0.006410     0.004558 
   2005     55-59    0.003701     0.008953     0.006284 
   2005     60-64    0.005209     0.012198     0.008605 
   2005     65-69    0.007639     0.018098     0.012509 
   2005     70-74    0.012583     0.028550     0.019586 
   2005     75-79    0.022900     0.045603     0.032098 
   2005     80-84    0.046814     0.079972     0.058923 
   2005     85-89    0.087636     0.131634     0.101415 
   2005     90-94    0.173229     0.236620     0.188623 
   2005     95-99    0.289594     0.364891     0.303007 
   2005    100-104   0.426416     0.487424     0.433832 
   2005    105-109   0.554910     0.577222     0.556755 
   2005    110+      0.745127            .     0.745127 
   2006        0     0.003320     0.004288     0.003815 
   2006      1-4     0.000184     0.000217     0.000201 
   2006      5-9     0.000084     0.000098     0.000091 
   2006     10-14    0.000087     0.000144     0.000116 
   2006     15-19    0.000209     0.000495     0.000355 
   2006     20-24    0.000282     0.000782     0.000533 
   2006     25-29    0.000289     0.000860     0.000573 
   2006     30-34    0.000426     0.001060     0.000742 
   2006     35-39    0.000737     0.001493     0.001113 
   2006     40-44    0.001165     0.002366     0.001757 
   2006     45-49    0.001923     0.004049     0.002966 
   2006     50-54    0.002831     0.006405     0.004577 
   2006     55-59    0.003698     0.008791     0.006197 
   2006     60-64    0.005193     0.012077     0.008540 
   2006     65-69    0.007421     0.017314     0.012048 
   2006     70-74    0.012188     0.026755     0.018608 
   2006     75-79    0.021980     0.043536     0.030758 
   2006     80-84    0.043679     0.075140     0.055209 
   2006     85-89    0.081651     0.124982     0.095453 
   2006     90-94    0.165907     0.225773     0.180425 
   2006     95-99    0.268419     0.347783     0.282662 
   2006    100-104   0.412762     0.492220     0.422471 
   2006    105-109   0.519999     0.579207     0.525248 
   2006    110+      0.719896            .     0.719896 
   2007        0     0.003123     0.004227     0.003688 
   2007      1-4     0.000169     0.000221     0.000196 
   2007      5-9     0.000090     0.000089     0.000090 
   2007     10-14    0.000086     0.000120     0.000104 
   2007     15-19    0.000186     0.000463     0.000328 
   2007     20-24    0.000251     0.000812     0.000533 
   2007     25-29    0.000310     0.000889     0.000597 
   2007     30-34    0.000399     0.000992     0.000694 
   2007     35-39    0.000680     0.001438     0.001057 
   2007     40-44    0.001142     0.002254     0.001691 
   2007     45-49    0.001858     0.003881     0.002851 
   2007     50-54    0.002725     0.006229     0.004435 
   2007     55-59    0.003720     0.008773     0.006194 
   2007     60-64    0.005113     0.011921     0.008421 
   2007     65-69    0.007231     0.017080     0.011862 
   2007     70-74    0.011848     0.025709     0.018000 
   2007     75-79    0.021296     0.042555     0.030009 
   2007     80-84    0.042381     0.073747     0.053930 
   2007     85-89    0.082224     0.124999     0.095935 
   2007     90-94    0.166349     0.228108     0.181375 
   2007     95-99    0.266491     0.343974     0.280513 
   2007    100-104   0.411286     0.513543     0.423763 
   2007    105-109   0.529508     0.556741     0.531959 
   2007    110+      0.751851     1.573770     0.763472 
   2008        0     0.003414     0.004047     0.003737 
   2008      1-4     0.000180     0.000215     0.000197 
   2008      5-9     0.000080     0.000088     0.000084 
   2008     10-14    0.000087     0.000117     0.000102 
   2008     15-19    0.000180     0.000438     0.000312 
   2008     20-24    0.000241     0.000806     0.000525 
   2008     25-29    0.000283     0.000891     0.000584 
   2008     30-34    0.000440     0.000959     0.000698 
   2008     35-39    0.000698     0.001387     0.001041 
   2008     40-44    0.001149     0.002219     0.001679 
   2008     45-49    0.001854     0.003722     0.002772 
   2008     50-54    0.002765     0.006067     0.004374 
   2008     55-59    0.003712     0.008676     0.006134 
   2008     60-64    0.005068     0.011858     0.008366 
   2008     65-69    0.007391     0.016448     0.011672 
   2008     70-74    0.011808     0.025310     0.017838 
   2008     75-79    0.021481     0.041786     0.029862 
   2008     80-84    0.042244     0.073232     0.053709 
   2008     85-89    0.083413     0.126121     0.097154 
   2008     90-94    0.166125     0.226406     0.180969 
   2008     95-99    0.273979     0.347710     0.287538 
   2008    100-104   0.419478     0.491380     0.428492 
   2008    105-109   0.566316     0.610988     0.570384 
   2008    110+      0.820262     2.071066     0.844834 
   2009        0     0.003372     0.004158     0.003774 
   2009      1-4     0.000170     0.000206     0.000189 
   2009      5-9     0.000082     0.000097     0.000090 
   2009     10-14    0.000089     0.000123     0.000107 
   2009     15-19    0.000190     0.000459     0.000327 
   2009     20-24    0.000253     0.000770     0.000513 
   2009     25-29    0.000306     0.000863     0.000582 
   2009     30-34    0.000430     0.000980     0.000703 
   2009     35-39    0.000656     0.001453     0.001053 
   2009     40-44    0.001147     0.002254     0.001696 
   2009     45-49    0.001830     0.003560     0.002681 
   2009     50-54    0.002778     0.005973     0.004335 
   2009     55-59    0.003802     0.008879     0.006273 
   2009     60-64    0.004955     0.011649     0.008205 
   2009     65-69    0.007349     0.016259     0.011575 
   2009     70-74    0.011482     0.024411     0.017286 
   2009     75-79    0.020676     0.040602     0.028958 
   2009     80-84    0.041449     0.070606     0.052307 
   2009     85-89    0.086593     0.128271     0.100042 
   2009     90-94    0.158173     0.212719     0.171930 
   2009     95-99    0.272666     0.344878     0.286105 
   2009    100-104   0.413070     0.503011     0.424378 
   2009    105-109   0.563762     0.670875     0.572965 
   2009    110+      0.802855     2.558824     0.834634 
   2010        0     0.003247     0.003932     0.003598 
   2010      1-4     0.000164     0.000176     0.000170 
   2010      5-9     0.000072     0.000099     0.000086 
   2010     10-14    0.000085     0.000109     0.000097 
   2010     15-19    0.000169     0.000445     0.000310 
   2010     20-24    0.000240     0.000727     0.000485 
   2010     25-29    0.000300     0.000838     0.000566 
   2010     30-34    0.000365     0.000993     0.000676 
   2010     35-39    0.000636     0.001419     0.001027 
   2010     40-44    0.001075     0.002130     0.001598 
   2010     45-49    0.001772     0.003472     0.002609 
   2010     50-54    0.002721     0.005849     0.004248 
   2010     55-59    0.003745     0.008686     0.006144 
   2010     60-64    0.005033     0.011700     0.008265 
   2010     65-69    0.007204     0.016096     0.011429 
   2010     70-74    0.011273     0.023806     0.016934 
   2010     75-79    0.020323     0.039503     0.028349 
   2010     80-84    0.040374     0.069026     0.051134 
   2010     85-89    0.083604     0.124589     0.096891 
   2010     90-94    0.151059     0.205999     0.165470 
   2010     95-99    0.273770     0.352070     0.288366 
   2010    100-104   0.411107     0.493680     0.421321 
   2010    105-109   0.566412     0.616974     0.570664 
   2010    110+      0.744734     1.381703     0.760623 
   2011        0     0.003094     0.003647     0.003376 
   2011      1-4     0.000151     0.000173     0.000162 
   2011      5-9     0.000072     0.000095     0.000084 
   2011     10-14    0.000077     0.000110     0.000094 
   2011     15-19    0.000178     0.000403     0.000293 
   2011     20-24    0.000239     0.000731     0.000487 
   2011     25-29    0.000277     0.000848     0.000559 
   2011     30-34    0.000382     0.000930     0.000653 
   2011     35-39    0.000616     0.001360     0.000986 
   2011     40-44    0.001033     0.002074     0.001550 
   2011     45-49    0.001709     0.003333     0.002509 
   2011     50-54    0.002662     0.005671     0.004132 
   2011     55-59    0.003698     0.008513     0.006031 
   2011     60-64    0.005033     0.011441     0.008132 
   2011     65-69    0.006971     0.015580     0.011064 
   2011     70-74    0.010850     0.023106     0.016419 
   2011     75-79    0.019350     0.037780     0.027114 
   2011     80-84    0.038404     0.065748     0.048783 
   2011     85-89    0.079643     0.118675     0.092380 
   2011     90-94    0.145304     0.196947     0.159179 
   2011     95-99    0.266442     0.341896     0.280461 
   2011    100-104   0.402581     0.469838     0.411024 
   2011    105-109   0.495066     0.694812     0.511114 
   2011    110+      0.591129     2.147727     0.626167 
   2012        0     0.003112     0.003789     0.003458 
   2012      1-4     0.000146     0.000194     0.000170 
   2012      5-9     0.000071     0.000081     0.000076 
   2012     10-14    0.000087     0.000099     0.000093 
   2012     15-19    0.000164     0.000377     0.000273 
   2012     20-24    0.000236     0.000671     0.000455 
   2012     25-29    0.000275     0.000773     0.000522 
   2012     30-34    0.000363     0.000892     0.000624 
   2012     35-39    0.000600     0.001220     0.000908 
   2012     40-44    0.000973     0.001993     0.001480 
   2012     45-49    0.001686     0.003253     0.002459 
   2012     50-54    0.002606     0.005436     0.003990 
   2012     55-59    0.003689     0.008478     0.006008 
   2012     60-64    0.005006     0.011669     0.008220 
   2012     65-69    0.007009     0.015719     0.011150 
   2012     70-74    0.010934     0.022957     0.016429 
   2012     75-79    0.019789     0.037428     0.027275 
   2012     80-84    0.039665     0.066138     0.049818 
   2012     85-89    0.082471     0.121677     0.095375 
   2012     90-94    0.153777     0.207722     0.168412 
   2012     95-99    0.287691     0.365475     0.302175 
   2012    100-104   0.436166     0.520739     0.447051 
   2012    105-109   0.564311     0.587789     0.566201 
   2012    110+      0.693737     1.450746     0.706929 
   2013        0     0.003227     0.003884     0.003563 
   2013      1-4     0.000157     0.000184     0.000171 
   2013      5-9     0.000083     0.000097     0.000090 
   2013     10-14    0.000079     0.000098     0.000089 
   2013     15-19    0.000150     0.000329     0.000241 
   2013     20-24    0.000210     0.000644     0.000429 
   2013     25-29    0.000256     0.000734     0.000492 
   2013     30-34    0.000361     0.000884     0.000619 
   2013     35-39    0.000586     0.001217     0.000900 
   2013     40-44    0.000975     0.001932     0.001451 
   2013     45-49    0.001630     0.003174     0.002392 
   2013     50-54    0.002528     0.005173     0.003823 
   2013     55-59    0.003678     0.008169     0.005853 
   2013     60-64    0.005035     0.011570     0.008176 
   2013     65-69    0.006898     0.015674     0.011070 
   2013     70-74    0.011087     0.022630     0.016393 
   2013     75-79    0.018933     0.036164     0.026305 
   2013     80-84    0.037997     0.064180     0.048122 
   2013     85-89    0.080464     0.117911     0.092919 
   2013     90-94    0.152782     0.207122     0.167595 
   2013     95-99    0.274056     0.341378     0.286870 
   2013    100-104   0.411354     0.492962     0.421995 
   2013    105-109   0.536147     0.612253     0.542718 
   2013    110+      0.788914     1.619048     0.808736 
   2014        0     0.003115     0.003736     0.003432 
   2014      1-4     0.000145     0.000171     0.000158 
   2014      5-9     0.000072     0.000090     0.000081 
   2014     10-14    0.000072     0.000095     0.000084 
   2014     15-19    0.000145     0.000312     0.000230 
   2014     20-24    0.000192     0.000593     0.000394 
   2014     25-29    0.000271     0.000735     0.000501 
   2014     30-34    0.000336     0.000894     0.000611 
   2014     35-39    0.000585     0.001179     0.000880 
   2014     40-44    0.000965     0.001759     0.001360 
   2014     45-49    0.001595     0.003033     0.002306 
   2014     50-54    0.002467     0.004863     0.003641 
   2014     55-59    0.003576     0.007800     0.005623 
   2014     60-64    0.004962     0.011370     0.008035 
   2014     65-69    0.006802     0.015146     0.010767 
   2014     70-74    0.010519     0.021726     0.015690 
   2014     75-79    0.018301     0.034275     0.025189 
   2014     80-84    0.036320     0.061319     0.046068 
   2014     85-89    0.075503     0.112915     0.088093 
   2014     90-94    0.148649     0.195500     0.161524 
   2014     95-99    0.246580     0.299254     0.257017 
   2014    100-104   0.390184     0.452762     0.398536 
   2014    105-109   0.484268     0.591328     0.493612 
   2014    110+      0.760358     1.908497     0.784510 
