Sweden, Death rates (period 5x1)     Last modified: 02-Sep-2015, MPv5 (May07)

   Year      Age       Female       Male         Total
   1990        0     0.005442     0.006837     0.006158 
   1990      1-4     0.000218     0.000333     0.000277 
   1990      5-9     0.000131     0.000185     0.000159 
   1990     10-14    0.000165     0.000165     0.000165 
   1990     15-19    0.000268     0.000626     0.000451 
   1990     20-24    0.000325     0.000858     0.000598 
   1990     25-29    0.000433     0.000956     0.000702 
   1990     30-34    0.000537     0.001081     0.000816 
   1990     35-39    0.000775     0.001374     0.001081 
   1990     40-44    0.001247     0.002100     0.001681 
   1990     45-49    0.002037     0.003205     0.002636 
   1990     50-54    0.002879     0.005004     0.003952 
   1990     55-59    0.005083     0.009037     0.007032 
   1990     60-64    0.007326     0.014393     0.010730 
   1990     65-69    0.012070     0.023189     0.017300 
   1990     70-74    0.020805     0.040065     0.029505 
   1990     75-79    0.038330     0.068126     0.050872 
   1990     80-84    0.071438     0.110129     0.086010 
   1990     85-89    0.128575     0.180240     0.145140 
   1990     90-94    0.220914     0.265287     0.233063 
   1990     95-99    0.347505     0.402896     0.360324 
   1990    100-104   0.509330     0.500000     0.507542 
   1990    105-109   0.777778     0.400000     0.695652 
   1990    110+             .            .            . 
   1991        0     0.005646     0.006625     0.006149 
   1991      1-4     0.000263     0.000250     0.000256 
   1991      5-9     0.000096     0.000130     0.000114 
   1991     10-14    0.000170     0.000127     0.000148 
   1991     15-19    0.000243     0.000639     0.000445 
   1991     20-24    0.000258     0.000787     0.000528 
   1991     25-29    0.000416     0.000951     0.000691 
   1991     30-34    0.000523     0.001141     0.000840 
   1991     35-39    0.000812     0.001424     0.001125 
   1991     40-44    0.001290     0.002131     0.001718 
   1991     45-49    0.001953     0.003279     0.002632 
   1991     50-54    0.002975     0.004901     0.003950 
   1991     55-59    0.004881     0.009159     0.006997 
   1991     60-64    0.007648     0.014366     0.010883 
   1991     65-69    0.012111     0.023670     0.017548 
   1991     70-74    0.020059     0.038371     0.028338 
   1991     75-79    0.037352     0.066290     0.049523 
   1991     80-84    0.069738     0.109203     0.084672 
   1991     85-89    0.123054     0.174538     0.139533 
   1991     90-94    0.220519     0.280977     0.236931 
   1991     95-99    0.340346     0.417730     0.358085 
   1991    100-104   0.527847     0.641509     0.548770 
   1991    105-109   0.620690     0.800000     0.657534 
   1991    110+             .            .            . 
   1992        0     0.004669     0.005973     0.005339 
   1992      1-4     0.000183     0.000289     0.000237 
   1992      5-9     0.000126     0.000139     0.000133 
   1992     10-14    0.000137     0.000155     0.000146 
   1992     15-19    0.000230     0.000453     0.000344 
   1992     20-24    0.000303     0.000745     0.000528 
   1992     25-29    0.000315     0.000845     0.000588 
   1992     30-34    0.000498     0.001024     0.000768 
   1992     35-39    0.000687     0.001409     0.001055 
   1992     40-44    0.001174     0.001965     0.001576 
   1992     45-49    0.002008     0.003066     0.002549 
   1992     50-54    0.003047     0.004822     0.003948 
   1992     55-59    0.004611     0.008278     0.006430 
   1992     60-64    0.007590     0.014231     0.010789 
   1992     65-69    0.012260     0.023123     0.017372 
   1992     70-74    0.020259     0.038140     0.028341 
   1992     75-79    0.036648     0.063804     0.048086 
   1992     80-84    0.068209     0.107350     0.083050 
   1992     85-89    0.121739     0.173095     0.138216 
   1992     90-94    0.216900     0.276267     0.232835 
   1992     95-99    0.344120     0.416640     0.360659 
   1992    100-104   0.490176     0.570093     0.504657 
   1992    105-109   0.464516     0.363636     0.446809 
   1992    110+      0.000000            .     0.000000 
   1993        0     0.004102     0.005379     0.004757 
   1993      1-4     0.000216     0.000268     0.000243 
   1993      5-9     0.000130     0.000191     0.000161 
   1993     10-14    0.000137     0.000174     0.000156 
   1993     15-19    0.000268     0.000479     0.000376 
   1993     20-24    0.000327     0.000730     0.000532 
   1993     25-29    0.000349     0.000764     0.000563 
   1993     30-34    0.000532     0.000994     0.000769 
   1993     35-39    0.000729     0.001431     0.001087 
   1993     40-44    0.001068     0.001984     0.001534 
   1993     45-49    0.001952     0.002942     0.002457 
   1993     50-54    0.002822     0.004862     0.003860 
   1993     55-59    0.004570     0.008129     0.006341 
   1993     60-64    0.007306     0.013305     0.010200 
   1993     65-69    0.012097     0.022712     0.017090 
   1993     70-74    0.020122     0.037295     0.027889 
   1993     75-79    0.036847     0.064822     0.048640 
   1993     80-84    0.070099     0.108120     0.084564 
   1993     85-89    0.126741     0.181038     0.144179 
   1993     90-94    0.227418     0.282780     0.242187 
   1993     95-99    0.362942     0.433453     0.378786 
   1993    100-104   0.547244     0.548571     0.547492 
   1993    105-109   0.476190     0.810811     0.530973 
   1993    110+      0.000000            .     0.000000 
   1994        0     0.003902     0.004777     0.004349 
   1994      1-4     0.000159     0.000253     0.000207 
   1994      5-9     0.000083     0.000125     0.000105 
   1994     10-14    0.000124     0.000141     0.000133 
   1994     15-19    0.000198     0.000430     0.000317 
   1994     20-24    0.000245     0.000664     0.000459 
   1994     25-29    0.000377     0.000806     0.000597 
   1994     30-34    0.000431     0.000983     0.000714 
   1994     35-39    0.000815     0.001469     0.001149 
   1994     40-44    0.001128     0.002036     0.001590 
   1994     45-49    0.001981     0.002899     0.002448 
   1994     50-54    0.003012     0.004552     0.003796 
   1994     55-59    0.004503     0.007702     0.006099 
   1994     60-64    0.007204     0.012995     0.010004 
   1994     65-69    0.011034     0.021386     0.015899 
   1994     70-74    0.019016     0.035851     0.026633 
   1994     75-79    0.033427     0.060712     0.044944 
   1994     80-84    0.065020     0.101233     0.078839 
   1994     85-89    0.118445     0.162514     0.132676 
   1994     90-94    0.202457     0.257433     0.217047 
   1994     95-99    0.327158     0.417424     0.346914 
   1994    100-104   0.490412     0.502793     0.492687 
   1994    105-109   0.415842     1.200000     0.486486 
   1994    110+      1.500000            .     1.500000 
   1995        0     0.003412     0.004535     0.003988 
   1995      1-4     0.000148     0.000200     0.000175 
   1995      5-9     0.000090     0.000123     0.000107 
   1995     10-14    0.000099     0.000148     0.000124 
   1995     15-19    0.000229     0.000448     0.000342 
   1995     20-24    0.000287     0.000667     0.000481 
   1995     25-29    0.000329     0.000671     0.000504 
   1995     30-34    0.000470     0.000959     0.000721 
   1995     35-39    0.000626     0.001227     0.000934 
   1995     40-44    0.001113     0.001992     0.001560 
   1995     45-49    0.001820     0.002950     0.002393 
   1995     50-54    0.002935     0.004568     0.003767 
   1995     55-59    0.004303     0.007369     0.005837 
   1995     60-64    0.007274     0.012868     0.009989 
   1995     65-69    0.011382     0.021450     0.016113 
   1995     70-74    0.018600     0.035639     0.026308 
   1995     75-79    0.034525     0.060914     0.045710 
   1995     80-84    0.065143     0.102925     0.079551 
   1995     85-89    0.117826     0.170312     0.134939 
   1995     90-94    0.209588     0.269229     0.225370 
   1995     95-99    0.323646     0.403331     0.340622 
   1995    100-104   0.454109     0.551181     0.471299 
   1995    105-109   0.688525     0.857143     0.700508 
   1995    110+             .            .            . 
   1996        0     0.003583     0.004017     0.003805 
   1996      1-4     0.000149     0.000238     0.000194 
   1996      5-9     0.000101     0.000112     0.000107 
   1996     10-14    0.000106     0.000127     0.000117 
   1996     15-19    0.000191     0.000359     0.000277 
   1996     20-24    0.000271     0.000586     0.000431 
   1996     25-29    0.000312     0.000745     0.000533 
   1996     30-34    0.000457     0.000868     0.000668 
   1996     35-39    0.000619     0.001211     0.000922 
   1996     40-44    0.000986     0.001791     0.001395 
   1996     45-49    0.001830     0.002736     0.002289 
   1996     50-54    0.002947     0.004560     0.003769 
   1996     55-59    0.004471     0.006913     0.005696 
   1996     60-64    0.006885     0.012500     0.009620 
   1996     65-69    0.011063     0.021192     0.015823 
   1996     70-74    0.019315     0.034294     0.026098 
   1996     75-79    0.033343     0.058124     0.043877 
   1996     80-84    0.063752     0.102574     0.078553 
   1996     85-89    0.119753     0.170233     0.136303 
   1996     90-94    0.208981     0.272582     0.225770 
   1996     95-99    0.341197     0.409130     0.355456 
   1996    100-104   0.531972     0.653846     0.553088 
   1996    105-109   0.613636     1.384615     0.666667 
   1996    110+             .            .            . 
   1997        0     0.003054     0.004005     0.003541 
   1997      1-4     0.000199     0.000225     0.000212 
   1997      5-9     0.000075     0.000170     0.000124 
   1997     10-14    0.000124     0.000105     0.000114 
   1997     15-19    0.000245     0.000299     0.000272 
   1997     20-24    0.000311     0.000700     0.000509 
   1997     25-29    0.000260     0.000653     0.000461 
   1997     30-34    0.000454     0.000787     0.000625 
   1997     35-39    0.000613     0.001253     0.000940 
   1997     40-44    0.001021     0.001734     0.001383 
   1997     45-49    0.001599     0.002649     0.002130 
   1997     50-54    0.002854     0.004432     0.003656 
   1997     55-59    0.004184     0.006985     0.005594 
   1997     60-64    0.006594     0.012255     0.009362 
   1997     65-69    0.010683     0.020390     0.015250 
   1997     70-74    0.018840     0.034123     0.025772 
   1997     75-79    0.032367     0.057544     0.043081 
   1997     80-84    0.063208     0.099320     0.077025 
   1997     85-89    0.115823     0.165247     0.132068 
   1997     90-94    0.206301     0.268679     0.222789 
   1997     95-99    0.347633     0.417788     0.362322 
   1997    100-104   0.456061     0.606218     0.480558 
   1997    105-109   0.456853     0.000000     0.407240 
   1997    110+      6.000000            .     6.000000 
   1998        0     0.002985     0.004027     0.003521 
   1998      1-4     0.000133     0.000231     0.000183 
   1998      5-9     0.000084     0.000152     0.000119 
   1998     10-14    0.000151     0.000143     0.000147 
   1998     15-19    0.000261     0.000539     0.000403 
   1998     20-24    0.000275     0.000630     0.000456 
   1998     25-29    0.000239     0.000640     0.000443 
   1998     30-34    0.000369     0.000791     0.000585 
   1998     35-39    0.000682     0.001141     0.000917 
   1998     40-44    0.001061     0.001585     0.001328 
   1998     45-49    0.001646     0.002523     0.002090 
   1998     50-54    0.002678     0.004228     0.003464 
   1998     55-59    0.004258     0.006775     0.005529 
   1998     60-64    0.006804     0.011798     0.009256 
   1998     65-69    0.010710     0.020140     0.015159 
   1998     70-74    0.017865     0.033289     0.024862 
   1998     75-79    0.032486     0.056998     0.042947 
   1998     80-84    0.062016     0.098100     0.075869 
   1998     85-89    0.115141     0.167179     0.132266 
   1998     90-94    0.202511     0.269981     0.220364 
   1998     95-99    0.320749     0.389147     0.335020 
   1998    100-104   0.473721     0.571429     0.488386 
   1998    105-109   0.631579     0.222222     0.540984 
   1998    110+      1.500000            .     1.500000 
   1999        0     0.002619     0.004028     0.003343 
   1999      1-4     0.000152     0.000125     0.000138 
   1999      5-9     0.000111     0.000128     0.000119 
   1999     10-14    0.000093     0.000190     0.000143 
   1999     15-19    0.000199     0.000371     0.000287 
   1999     20-24    0.000240     0.000670     0.000459 
   1999     25-29    0.000295     0.000701     0.000502 
   1999     30-34    0.000373     0.000772     0.000577 
   1999     35-39    0.000571     0.001122     0.000853 
   1999     40-44    0.001140     0.001717     0.001434 
   1999     45-49    0.001770     0.002578     0.002179 
   1999     50-54    0.002616     0.004153     0.003393 
   1999     55-59    0.004131     0.006692     0.005427 
   1999     60-64    0.006724     0.011140     0.008901 
   1999     65-69    0.010777     0.019234     0.014780 
   1999     70-74    0.017834     0.032965     0.024698 
   1999     75-79    0.032978     0.056504     0.043039 
   1999     80-84    0.062598     0.097164     0.075926 
   1999     85-89    0.119639     0.167198     0.135357 
   1999     90-94    0.208659     0.270445     0.225037 
   1999     95-99    0.334482     0.394853     0.347009 
   1999    100-104   0.518250     0.581633     0.527815 
   1999    105-109   0.878981     0.823529     0.865385 
   1999    110+      0.545455            .     0.545455 
   2000        0     0.002826     0.004038     0.003450 
   2000      1-4     0.000115     0.000130     0.000123 
   2000      5-9     0.000093     0.000098     0.000095 
   2000     10-14    0.000129     0.000139     0.000134 
   2000     15-19    0.000231     0.000473     0.000355 
   2000     20-24    0.000248     0.000761     0.000509 
   2000     25-29    0.000257     0.000735     0.000500 
   2000     30-34    0.000281     0.000758     0.000525 
   2000     35-39    0.000656     0.000986     0.000825 
   2000     40-44    0.000936     0.001526     0.001237 
   2000     45-49    0.001698     0.002597     0.002154 
   2000     50-54    0.002726     0.004043     0.003391 
   2000     55-59    0.004496     0.006278     0.005399 
   2000     60-64    0.006837     0.010871     0.008835 
   2000     65-69    0.010473     0.018452     0.014269 
   2000     70-74    0.017527     0.031833     0.024024 
   2000     75-79    0.031809     0.054191     0.041393 
   2000     80-84    0.061684     0.093528     0.074063 
   2000     85-89    0.115757     0.164243     0.131821 
   2000     90-94    0.204363     0.264080     0.220328 
   2000     95-99    0.335770     0.423570     0.353523 
   2000    100-104   0.483248     0.567665     0.496443 
   2000    105-109   0.686747     0.127660     0.563380 
   2000    110+      0.750000            .     0.750000 
   2001        0     0.003280     0.004020     0.003661 
   2001      1-4     0.000185     0.000187     0.000186 
   2001      5-9     0.000097     0.000079     0.000087 
   2001     10-14    0.000117     0.000117     0.000117 
   2001     15-19    0.000204     0.000393     0.000302 
   2001     20-24    0.000213     0.000818     0.000521 
   2001     25-29    0.000236     0.000667     0.000455 
   2001     30-34    0.000334     0.000780     0.000561 
   2001     35-39    0.000531     0.001076     0.000810 
   2001     40-44    0.000869     0.001578     0.001230 
   2001     45-49    0.001703     0.002613     0.002164 
   2001     50-54    0.002777     0.003988     0.003388 
   2001     55-59    0.004350     0.006448     0.005412 
   2001     60-64    0.006196     0.010633     0.008401 
   2001     65-69    0.010772     0.018068     0.014264 
   2001     70-74    0.017794     0.030297     0.023483 
   2001     75-79    0.031600     0.052722     0.040682 
   2001     80-84    0.059712     0.090797     0.071875 
   2001     85-89    0.118376     0.159793     0.132160 
   2001     90-94    0.208461     0.268991     0.224838 
   2001     95-99    0.327680     0.427689     0.347584 
   2001    100-104   0.486788     0.626667     0.508705 
   2001    105-109   0.574163     0.720000     0.602317 
   2001    110+      1.500000            .     1.500000 
   2002        0     0.003091     0.003564     0.003334 
   2002      1-4     0.000129     0.000245     0.000189 
   2002      5-9     0.000076     0.000058     0.000066 
   2002     10-14    0.000087     0.000130     0.000109 
   2002     15-19    0.000251     0.000403     0.000329 
   2002     20-24    0.000252     0.000799     0.000531 
   2002     25-29    0.000276     0.000615     0.000449 
   2002     30-34    0.000364     0.000737     0.000554 
   2002     35-39    0.000527     0.000913     0.000725 
   2002     40-44    0.000871     0.001537     0.001211 
   2002     45-49    0.001620     0.002272     0.001950 
   2002     50-54    0.002485     0.003909     0.003203 
   2002     55-59    0.004299     0.006464     0.005393 
   2002     60-64    0.006263     0.010365     0.008310 
   2002     65-69    0.010538     0.017824     0.014044 
   2002     70-74    0.017794     0.030224     0.023470 
   2002     75-79    0.031611     0.052403     0.040582 
   2002     80-84    0.060449     0.090915     0.072418 
   2002     85-89    0.118792     0.163408     0.133778 
   2002     90-94    0.215671     0.270179     0.230484 
   2002     95-99    0.346222     0.428089     0.362542 
   2002    100-104   0.501864     0.598698     0.516474 
   2002    105-109   0.730435     0.600000     0.715385 
   2002    110+      1.200000     0.000000     0.750000 
   2003        0     0.002614     0.003663     0.003154 
   2003      1-4     0.000144     0.000247     0.000197 
   2003      5-9     0.000068     0.000106     0.000087 
   2003     10-14    0.000092     0.000112     0.000103 
   2003     15-19    0.000296     0.000384     0.000341 
   2003     20-24    0.000240     0.000704     0.000476 
   2003     25-29    0.000315     0.000629     0.000475 
   2003     30-34    0.000383     0.000618     0.000503 
   2003     35-39    0.000527     0.000948     0.000742 
   2003     40-44    0.000873     0.001548     0.001217 
   2003     45-49    0.001551     0.002432     0.001998 
   2003     50-54    0.002531     0.003802     0.003172 
   2003     55-59    0.003993     0.006122     0.005067 
   2003     60-64    0.006375     0.010033     0.008206 
   2003     65-69    0.010159     0.017497     0.013707 
   2003     70-74    0.017050     0.030157     0.023063 
   2003     75-79    0.030338     0.050911     0.039223 
   2003     80-84    0.058464     0.090624     0.071167 
   2003     85-89    0.112357     0.159438     0.128296 
   2003     90-94    0.203532     0.255313     0.217716 
   2003     95-99    0.337763     0.410282     0.352342 
   2003    100-104   0.536651     0.554985     0.539388 
   2003    105-109   0.690265     1.058824     0.716049 
   2003    110+      1.500000     1.500000     1.500000 
   2004        0     0.002943     0.003313     0.003134 
   2004      1-4     0.000141     0.000113     0.000127 
   2004      5-9     0.000109     0.000068     0.000088 
   2004     10-14    0.000093     0.000113     0.000103 
   2004     15-19    0.000233     0.000400     0.000319 
   2004     20-24    0.000239     0.000846     0.000549 
   2004     25-29    0.000285     0.000671     0.000481 
   2004     30-34    0.000320     0.000638     0.000481 
   2004     35-39    0.000525     0.000855     0.000694 
   2004     40-44    0.000849     0.001352     0.001105 
   2004     45-49    0.001504     0.002343     0.001929 
   2004     50-54    0.002429     0.003842     0.003142 
   2004     55-59    0.004002     0.006140     0.005078 
   2004     60-64    0.006361     0.009636     0.008005 
   2004     65-69    0.009669     0.016796     0.013131 
   2004     70-74    0.016900     0.028510     0.022252 
   2004     75-79    0.029502     0.047449     0.037269 
   2004     80-84    0.056398     0.086184     0.068211 
   2004     85-89    0.109412     0.151407     0.123751 
   2004     90-94    0.195772     0.249301     0.210590 
   2004     95-99    0.320835     0.389958     0.334991 
   2004    100-104   0.474342     0.546512     0.485095 
   2004    105-109   0.607287     1.125000     0.638783 
   2004    110+             .            .            . 
   2005        0     0.002335     0.002514     0.002427 
   2005      1-4     0.000195     0.000230     0.000213 
   2005      5-9     0.000069     0.000136     0.000103 
   2005     10-14    0.000081     0.000122     0.000102 
   2005     15-19    0.000161     0.000355     0.000261 
   2005     20-24    0.000269     0.000664     0.000471 
   2005     25-29    0.000254     0.000732     0.000497 
   2005     30-34    0.000353     0.000624     0.000491 
   2005     35-39    0.000551     0.000845     0.000701 
   2005     40-44    0.000790     0.001387     0.001094 
   2005     45-49    0.001397     0.002248     0.001829 
   2005     50-54    0.002598     0.003697     0.003152 
   2005     55-59    0.004123     0.006045     0.005088 
   2005     60-64    0.006282     0.009594     0.007948 
   2005     65-69    0.010097     0.016679     0.013309 
   2005     70-74    0.016286     0.027955     0.021700 
   2005     75-79    0.028954     0.048347     0.037375 
   2005     80-84    0.056027     0.086817     0.068283 
   2005     85-89    0.107207     0.153020     0.123007 
   2005     90-94    0.198847     0.260885     0.216079 
   2005     95-99    0.316590     0.386740     0.331252 
   2005    100-104   0.500739     0.513090     0.502544 
   2005    105-109   0.571429     0.750000     0.582090 
   2005    110+      0.857143            .     0.857143 
   2006        0     0.002613     0.003088     0.002857 
   2006      1-4     0.000184     0.000166     0.000175 
   2006      5-9     0.000057     0.000125     0.000092 
   2006     10-14    0.000063     0.000117     0.000091 
   2006     15-19    0.000219     0.000400     0.000312 
   2006     20-24    0.000318     0.000676     0.000501 
   2006     25-29    0.000235     0.000622     0.000432 
   2006     30-34    0.000406     0.000590     0.000500 
   2006     35-39    0.000514     0.000885     0.000703 
   2006     40-44    0.000813     0.001321     0.001072 
   2006     45-49    0.001406     0.002050     0.001733 
   2006     50-54    0.002406     0.003784     0.003101 
   2006     55-59    0.003835     0.005880     0.004861 
   2006     60-64    0.006225     0.009460     0.007852 
   2006     65-69    0.009313     0.015895     0.012539 
   2006     70-74    0.016244     0.026907     0.021226 
   2006     75-79    0.028634     0.046475     0.036410 
   2006     80-84    0.055168     0.084382     0.066858 
   2006     85-89    0.105402     0.148650     0.120451 
   2006     90-94    0.197840     0.251589     0.212866 
   2006     95-99    0.330673     0.379604     0.341046 
   2006    100-104   0.506115     0.535520     0.510625 
   2006    105-109   0.479233     0.571429     0.485030 
   2006    110+      0.000000            .     0.000000 
   2007        0     0.002309     0.002687     0.002503 
   2007      1-4     0.000194     0.000137     0.000165 
   2007      5-9     0.000091     0.000082     0.000087 
   2007     10-14    0.000059     0.000102     0.000081 
   2007     15-19    0.000206     0.000437     0.000325 
   2007     20-24    0.000242     0.000696     0.000475 
   2007     25-29    0.000241     0.000746     0.000499 
   2007     30-34    0.000314     0.000634     0.000477 
   2007     35-39    0.000537     0.000813     0.000677 
   2007     40-44    0.000804     0.001299     0.001057 
   2007     45-49    0.001434     0.002150     0.001797 
   2007     50-54    0.002284     0.003663     0.002981 
   2007     55-59    0.003699     0.005735     0.004720 
   2007     60-64    0.005882     0.009493     0.007695 
   2007     65-69    0.009874     0.015410     0.012601 
   2007     70-74    0.015602     0.025113     0.020073 
   2007     75-79    0.028888     0.044992     0.035946 
   2007     80-84    0.055114     0.082799     0.066251 
   2007     85-89    0.108900     0.144401     0.121344 
   2007     90-94    0.199545     0.257124     0.215795 
   2007     95-99    0.337300     0.393891     0.349426 
   2007    100-104   0.471499     0.587019     0.489393 
   2007    105-109   0.784174     0.769231     0.782623 
   2007    110+      0.600000            .     0.600000 
   2008        0     0.002483     0.002518     0.002501 
   2008      1-4     0.000141     0.000134     0.000137 
   2008      5-9     0.000047     0.000069     0.000058 
   2008     10-14    0.000101     0.000122     0.000112 
   2008     15-19    0.000200     0.000371     0.000288 
   2008     20-24    0.000230     0.000718     0.000480 
   2008     25-29    0.000334     0.000717     0.000530 
   2008     30-34    0.000312     0.000762     0.000541 
   2008     35-39    0.000454     0.000798     0.000629 
   2008     40-44    0.000857     0.001271     0.001068 
   2008     45-49    0.001324     0.001986     0.001660 
   2008     50-54    0.002313     0.003594     0.002960 
   2008     55-59    0.003687     0.005576     0.004635 
   2008     60-64    0.005959     0.009360     0.007663 
   2008     65-69    0.009608     0.015073     0.012311 
   2008     70-74    0.014876     0.025134     0.019727 
   2008     75-79    0.027568     0.043661     0.034671 
   2008     80-84    0.053964     0.081800     0.065196 
   2008     85-89    0.107026     0.146129     0.120882 
   2008     90-94    0.201538     0.247731     0.214755 
   2008     95-99    0.332761     0.381606     0.343371 
   2008    100-104   0.503188     0.578774     0.514654 
   2008    105-109   0.622901     0.626866     0.623574 
   2008    110+      2.400000            .     2.400000 
   2009        0     0.002417     0.002590     0.002506 
   2009      1-4     0.000152     0.000243     0.000199 
   2009      5-9     0.000079     0.000110     0.000095 
   2009     10-14    0.000081     0.000142     0.000112 
   2009     15-19    0.000206     0.000331     0.000270 
   2009     20-24    0.000221     0.000673     0.000452 
   2009     25-29    0.000235     0.000688     0.000467 
   2009     30-34    0.000291     0.000666     0.000482 
   2009     35-39    0.000506     0.000874     0.000693 
   2009     40-44    0.000809     0.001232     0.001024 
   2009     45-49    0.001356     0.001961     0.001664 
   2009     50-54    0.002376     0.003500     0.002944 
   2009     55-59    0.003580     0.005554     0.004571 
   2009     60-64    0.005885     0.008813     0.007348 
   2009     65-69    0.009140     0.014236     0.011669 
   2009     70-74    0.015656     0.024037     0.019643 
   2009     75-79    0.026659     0.043089     0.033956 
   2009     80-84    0.052060     0.078813     0.062901 
   2009     85-89    0.104865     0.144113     0.118866 
   2009     90-94    0.190245     0.246438     0.206580 
   2009     95-99    0.319543     0.395947     0.336342 
   2009    100-104   0.461870     0.605049     0.483853 
   2009    105-109   0.874473     0.875000     0.874541 
   2009    110+      0.000000            .     0.000000 
   2010        0     0.002418     0.002729     0.002578 
   2010      1-4     0.000140     0.000159     0.000150 
   2010      5-9     0.000077     0.000050     0.000063 
   2010     10-14    0.000079     0.000099     0.000089 
   2010     15-19    0.000196     0.000340     0.000270 
   2010     20-24    0.000248     0.000661     0.000459 
   2010     25-29    0.000257     0.000726     0.000498 
   2010     30-34    0.000327     0.000674     0.000504 
   2010     35-39    0.000429     0.000705     0.000569 
   2010     40-44    0.000672     0.001144     0.000912 
   2010     45-49    0.001205     0.001942     0.001579 
   2010     50-54    0.002057     0.003304     0.002687 
   2010     55-59    0.003415     0.005399     0.004411 
   2010     60-64    0.005951     0.009019     0.007481 
   2010     65-69    0.009139     0.014103     0.011608 
   2010     70-74    0.015065     0.023676     0.019185 
   2010     75-79    0.027350     0.043389     0.034529 
   2010     80-84    0.051401     0.077875     0.062189 
   2010     85-89    0.103341     0.140982     0.116840 
   2010     90-94    0.193443     0.243113     0.208132 
   2010     95-99    0.312157     0.380633     0.327143 
   2010    100-104   0.477862     0.667202     0.506424 
   2010    105-109   0.773457     1.492537     0.830626 
   2010    110+      0.461538            .     0.461538 
   2011        0     0.001925     0.002190     0.002061 
   2011      1-4     0.000105     0.000160     0.000133 
   2011      5-9     0.000098     0.000082     0.000090 
   2011     10-14    0.000089     0.000088     0.000088 
   2011     15-19    0.000201     0.000360     0.000282 
   2011     20-24    0.000246     0.000622     0.000438 
   2011     25-29    0.000311     0.000654     0.000488 
   2011     30-34    0.000361     0.000684     0.000526 
   2011     35-39    0.000487     0.000747     0.000619 
   2011     40-44    0.000658     0.001147     0.000906 
   2011     45-49    0.001183     0.001933     0.001565 
   2011     50-54    0.002123     0.003087     0.002610 
   2011     55-59    0.003345     0.005446     0.004400 
   2011     60-64    0.005549     0.008372     0.006955 
   2011     65-69    0.008542     0.014314     0.011413 
   2011     70-74    0.014893     0.022806     0.018700 
   2011     75-79    0.025990     0.041865     0.033157 
   2011     80-84    0.051296     0.075238     0.061117 
   2011     85-89    0.102612     0.138178     0.115480 
   2011     90-94    0.187642     0.240198     0.203389 
   2011     95-99    0.321904     0.380340     0.334770 
   2011    100-104   0.485988     0.501548     0.488376 
   2011    105-109   0.421561     0.872516     0.446274 
   2011    110+      0.428571     0.000000     0.352941 
   2012        0     0.002292     0.002886     0.002597 
   2012      1-4     0.000103     0.000153     0.000129 
   2012      5-9     0.000050     0.000080     0.000065 
   2012     10-14    0.000109     0.000099     0.000104 
   2012     15-19    0.000178     0.000296     0.000239 
   2012     20-24    0.000211     0.000632     0.000426 
   2012     25-29    0.000215     0.000725     0.000477 
   2012     30-34    0.000327     0.000649     0.000491 
   2012     35-39    0.000566     0.000766     0.000668 
   2012     40-44    0.000678     0.001086     0.000885 
   2012     45-49    0.001283     0.001838     0.001566 
   2012     50-54    0.002217     0.003048     0.002637 
   2012     55-59    0.003264     0.005053     0.004163 
   2012     60-64    0.005366     0.008354     0.006854 
   2012     65-69    0.009253     0.013461     0.011343 
   2012     70-74    0.014657     0.022774     0.018587 
   2012     75-79    0.026870     0.040527     0.033085 
   2012     80-84    0.051527     0.076314     0.061774 
   2012     85-89    0.104508     0.141351     0.117927 
   2012     90-94    0.192952     0.245075     0.208708 
   2012     95-99    0.331093     0.404728     0.347677 
   2012    100-104   0.519025     0.619850     0.534636 
   2012    105-109   0.608405     0.515814     0.601172 
   2012    110+      0.172466     0.000000     0.118626 
   2013        0     0.002496     0.002872     0.002689 
   2013      1-4     0.000107     0.000118     0.000112 
   2013      5-9     0.000067     0.000060     0.000064 
   2013     10-14    0.000049     0.000113     0.000082 
   2013     15-19    0.000157     0.000318     0.000240 
   2013     20-24    0.000251     0.000610     0.000435 
   2013     25-29    0.000320     0.000756     0.000543 
   2013     30-34    0.000295     0.000732     0.000519 
   2013     35-39    0.000468     0.000831     0.000653 
   2013     40-44    0.000724     0.001038     0.000883 
   2013     45-49    0.001220     0.001750     0.001490 
   2013     50-54    0.002085     0.003132     0.002615 
   2013     55-59    0.003409     0.004760     0.004088 
   2013     60-64    0.005303     0.008480     0.006886 
   2013     65-69    0.009049     0.013455     0.011234 
   2013     70-74    0.014426     0.021958     0.018092 
   2013     75-79    0.026065     0.038823     0.031918 
   2013     80-84    0.051227     0.072578     0.060134 
   2013     85-89    0.099189     0.134652     0.112178 
   2013     90-94    0.187264     0.241694     0.203882 
   2013     95-99    0.330007     0.377873     0.341021 
   2013    100-104   0.474310     0.553827     0.486665 
   2013    105-109   0.671083     0.563238     0.659218 
   2013    110+      0.323575     0.000000     0.221286 
   2014        0     0.001791     0.002554     0.002183 
   2014      1-4     0.000110     0.000108     0.000109 
   2014      5-9     0.000087     0.000059     0.000073 
   2014     10-14    0.000060     0.000083     0.000071 
   2014     15-19    0.000178     0.000303     0.000243 
   2014     20-24    0.000235     0.000651     0.000448 
   2014     25-29    0.000277     0.000687     0.000486 
   2014     30-34    0.000383     0.000843     0.000619 
   2014     35-39    0.000380     0.000735     0.000560 
   2014     40-44    0.000731     0.001107     0.000922 
   2014     45-49    0.001201     0.001775     0.001493 
   2014     50-54    0.002033     0.002889     0.002467 
   2014     55-59    0.003274     0.004750     0.004016 
   2014     60-64    0.005292     0.008110     0.006697 
   2014     65-69    0.008835     0.013295     0.011042 
   2014     70-74    0.014018     0.021240     0.017547 
   2014     75-79    0.024480     0.038002     0.030732 
   2014     80-84    0.048546     0.070766     0.057896 
   2014     85-89    0.096346     0.131702     0.109395 
   2014     90-94    0.184245     0.229587     0.198214 
   2014     95-99    0.308742     0.365488     0.322125 
   2014    100-104   0.487330     0.617978     0.508726 
   2014    105-109   0.563248     0.285987     0.528093 
   2014    110+      0.101584     0.000000     0.076512 
